(kicad_pcb (version 20171130) (host pcbnew "(5.0.1)-3")

  (general
    (thickness 1.6)
    (drawings 85)
    (tracks 323)
    (zones 0)
    (modules 50)
    (nets 61)
  )

  (page A4)
  (layers
    (0 F.Cu signal hide)
    (31 B.Cu signal)
    (32 B.Adhes user)
    (33 F.Adhes user)
    (34 B.Paste user)
    (35 F.Paste user)
    (36 B.SilkS user)
    (37 F.SilkS user)
    (38 B.Mask user)
    (39 F.Mask user)
    (40 Dwgs.User user)
    (41 Cmts.User user)
    (42 Eco1.User user)
    (43 Eco2.User user)
    (44 Edge.Cuts user)
    (45 Margin user)
    (46 B.CrtYd user)
    (47 F.CrtYd user)
    (48 B.Fab user)
    (49 F.Fab user)
  )

  (setup
    (last_trace_width 0.3)
    (user_trace_width 0.2)
    (user_trace_width 0.25)
    (user_trace_width 0.4)
    (user_trace_width 0.5)
    (trace_clearance 0.2)
    (zone_clearance 0.508)
    (zone_45_only no)
    (trace_min 0.2)
    (segment_width 0.15)
    (edge_width 0.15)
    (via_size 0.5)
    (via_drill 0.35)
    (via_min_size 0.4)
    (via_min_drill 0.3)
    (uvia_size 0.3)
    (uvia_drill 0.1)
    (uvias_allowed no)
    (uvia_min_size 0.2)
    (uvia_min_drill 0.1)
    (pcb_text_width 0.3)
    (pcb_text_size 1.5 1.5)
    (mod_edge_width 0.15)
    (mod_text_size 1 1)
    (mod_text_width 0.15)
    (pad_size 1.5 1.5)
    (pad_drill 0)
    (pad_to_mask_clearance 0.051)
    (aux_axis_origin 0 0)
    (visible_elements 7FF9FF7F)
    (pcbplotparams
      (layerselection 0x010fc_ffffffff)
      (usegerberextensions false)
      (usegerberattributes false)
      (usegerberadvancedattributes false)
      (creategerberjobfile false)
      (excludeedgelayer true)
      (linewidth 0.100000)
      (plotframeref false)
      (viasonmask false)
      (mode 1)
      (useauxorigin false)
      (hpglpennumber 1)
      (hpglpenspeed 20)
      (hpglpendiameter 15.000000)
      (psnegative false)
      (psa4output false)
      (plotreference true)
      (plotvalue true)
      (plotinvisibletext false)
      (padsonsilk false)
      (subtractmaskfromsilk false)
      (outputformat 1)
      (mirror false)
      (drillshape 1)
      (scaleselection 1)
      (outputdirectory ""))
  )

  (net 0 "")
  (net 1 GND)
  (net 2 "Net-(C3-Pad1)")
  (net 3 "Net-(C4-Pad2)")
  (net 4 +3V3)
  (net 5 +5V)
  (net 6 "Net-(C9-Pad1)")
  (net 7 MCLR)
  (net 8 EN)
  (net 9 BOOT)
  (net 10 "Net-(R6-Pad2)")
  (net 11 PGD)
  (net 12 PGC)
  (net 13 TX_Debug_ESP)
  (net 14 RX_Debug_ESP)
  (net 15 TX_R)
  (net 16 "Net-(TP14-Pad1)")
  (net 17 RX_EN_R)
  (net 18 TX_L)
  (net 19 "Net-(TP20-Pad1)")
  (net 20 RX_EN_L)
  (net 21 D+)
  (net 22 D-)
  (net 23 PAIR)
  (net 24 TX_Debug_PIC)
  (net 25 "Net-(U2-Pad6)")
  (net 26 "Net-(U2-Pad9)")
  (net 27 TX_EN_L)
  (net 28 RX_L)
  (net 29 TX_EN_R)
  (net 30 RX_R)
  (net 31 CS)
  (net 32 "Net-(U3-Pad6)")
  (net 33 SCK)
  (net 34 "Net-(U4-Pad14)")
  (net 35 "Net-(U4-Pad16)")
  (net 36 "Net-(U4-Pad17)")
  (net 37 "Net-(U4-Pad18)")
  (net 38 "Net-(U4-Pad19)")
  (net 39 "Net-(U4-Pad20)")
  (net 40 "Net-(U4-Pad21)")
  (net 41 "Net-(U4-Pad22)")
  (net 42 "Net-(U4-Pad23)")
  (net 43 "Net-(U4-Pad32)")
  (net 44 "Net-(U4-Pad36)")
  (net 45 "Net-(U3-Pad7)")
  (net 46 "Net-(U3-Pad9)")
  (net 47 "Net-(U3-Pad11)")
  (net 48 "Net-(U3-Pad13)")
  (net 49 "Net-(U3-Pad14)")
  (net 50 "Net-(U3-Pad15)")
  (net 51 "Net-(U4-Pad10)")
  (net 52 "Net-(U4-Pad11)")
  (net 53 "Net-(U4-Pad12)")
  (net 54 "Net-(TP12-Pad1)")
  (net 55 "Net-(TP18-Pad1)")
  (net 56 MISO)
  (net 57 MOSI)
  (net 58 SPI_EN)
  (net 59 "Net-(U3-Pad21)")
  (net 60 "Net-(U4-Pad37)")

  (net_class Default "This is the default net class."
    (clearance 0.2)
    (trace_width 0.3)
    (via_dia 0.5)
    (via_drill 0.35)
    (uvia_dia 0.3)
    (uvia_drill 0.1)
    (add_net +3V3)
    (add_net +5V)
    (add_net BOOT)
    (add_net CS)
    (add_net D+)
    (add_net D-)
    (add_net EN)
    (add_net GND)
    (add_net MCLR)
    (add_net MISO)
    (add_net MOSI)
    (add_net "Net-(C3-Pad1)")
    (add_net "Net-(C4-Pad2)")
    (add_net "Net-(C9-Pad1)")
    (add_net "Net-(R6-Pad2)")
    (add_net "Net-(TP12-Pad1)")
    (add_net "Net-(TP14-Pad1)")
    (add_net "Net-(TP18-Pad1)")
    (add_net "Net-(TP20-Pad1)")
    (add_net "Net-(U2-Pad6)")
    (add_net "Net-(U2-Pad9)")
    (add_net "Net-(U3-Pad11)")
    (add_net "Net-(U3-Pad13)")
    (add_net "Net-(U3-Pad14)")
    (add_net "Net-(U3-Pad15)")
    (add_net "Net-(U3-Pad21)")
    (add_net "Net-(U3-Pad6)")
    (add_net "Net-(U3-Pad7)")
    (add_net "Net-(U3-Pad9)")
    (add_net "Net-(U4-Pad10)")
    (add_net "Net-(U4-Pad11)")
    (add_net "Net-(U4-Pad12)")
    (add_net "Net-(U4-Pad14)")
    (add_net "Net-(U4-Pad16)")
    (add_net "Net-(U4-Pad17)")
    (add_net "Net-(U4-Pad18)")
    (add_net "Net-(U4-Pad19)")
    (add_net "Net-(U4-Pad20)")
    (add_net "Net-(U4-Pad21)")
    (add_net "Net-(U4-Pad22)")
    (add_net "Net-(U4-Pad23)")
    (add_net "Net-(U4-Pad32)")
    (add_net "Net-(U4-Pad36)")
    (add_net "Net-(U4-Pad37)")
    (add_net PAIR)
    (add_net PGC)
    (add_net PGD)
    (add_net RX_Debug_ESP)
    (add_net RX_EN_L)
    (add_net RX_EN_R)
    (add_net RX_L)
    (add_net RX_R)
    (add_net SCK)
    (add_net SPI_EN)
    (add_net TX_Debug_ESP)
    (add_net TX_Debug_PIC)
    (add_net TX_EN_L)
    (add_net TX_EN_R)
    (add_net TX_L)
    (add_net TX_R)
  )

  (module Package_DFN_QFN:QFN-28-1EP_6x6mm_P0.65mm_EP2.5x2.5mm (layer B.Cu) (tedit 5D604EBE) (tstamp 5D6C5D7E)
    (at 98.3 104.4 270)
    (descr "QFN, 28 Pin (http://ww1.microchip.com/downloads/en/PackagingSpec/00000049BQ.pdf (Page 289)), generated with kicad-footprint-generator ipc_dfn_qfn_generator.py")
    (tags "QFN DFN_QFN")
    (path /5D6062E1)
    (attr smd)
    (fp_text reference U3 (at 0 4.3 270) (layer B.SilkS) hide
      (effects (font (size 1 1) (thickness 0.15)) (justify mirror))
    )
    (fp_text value PIC32MX270F256B (at 0 -4.3 270) (layer B.Fab)
      (effects (font (size 1 1) (thickness 0.15)) (justify mirror))
    )
    (fp_line (start 2.36 3.11) (end 3.11 3.11) (layer B.SilkS) (width 0.12))
    (fp_line (start 3.11 3.11) (end 3.11 2.36) (layer B.SilkS) (width 0.12))
    (fp_line (start -2.36 -3.11) (end -3.11 -3.11) (layer B.SilkS) (width 0.12))
    (fp_line (start -3.11 -3.11) (end -3.11 -2.36) (layer B.SilkS) (width 0.12))
    (fp_line (start 2.36 -3.11) (end 3.11 -3.11) (layer B.SilkS) (width 0.12))
    (fp_line (start 3.11 -3.11) (end 3.11 -2.36) (layer B.SilkS) (width 0.12))
    (fp_line (start -2.36 3.11) (end -3.11 3.11) (layer B.SilkS) (width 0.12))
    (fp_line (start -2 3) (end 3 3) (layer B.Fab) (width 0.1))
    (fp_line (start 3 3) (end 3 -3) (layer B.Fab) (width 0.1))
    (fp_line (start 3 -3) (end -3 -3) (layer B.Fab) (width 0.1))
    (fp_line (start -3 -3) (end -3 2) (layer B.Fab) (width 0.1))
    (fp_line (start -3 2) (end -2 3) (layer B.Fab) (width 0.1))
    (fp_line (start -3.6 3.6) (end -3.6 -3.6) (layer B.CrtYd) (width 0.05))
    (fp_line (start -3.6 -3.6) (end 3.6 -3.6) (layer B.CrtYd) (width 0.05))
    (fp_line (start 3.6 -3.6) (end 3.6 3.6) (layer B.CrtYd) (width 0.05))
    (fp_line (start 3.6 3.6) (end -3.6 3.6) (layer B.CrtYd) (width 0.05))
    (fp_text user %R (at 0 0 270) (layer B.Fab)
      (effects (font (size 1 1) (thickness 0.15)) (justify mirror))
    )
    (pad 29 smd roundrect (at 0 0 270) (size 2 2) (layers B.Cu B.Mask) (roundrect_rratio 0.059)
      (net 1 GND))
    (pad "" smd roundrect (at 0 0 270) (size 1.14 1.14) (layers B.Paste) (roundrect_rratio 0.219298))
    (pad 1 smd roundrect (at -2.9375 1.95 270) (size 0.75 0.3) (layers B.Cu B.Paste B.Mask) (roundrect_rratio 0.25)
      (net 8 EN))
    (pad 2 smd roundrect (at -2.9375 1.3 270) (size 0.75 0.3) (layers B.Cu B.Paste B.Mask) (roundrect_rratio 0.25)
      (net 56 MISO))
    (pad 3 smd roundrect (at -2.9375 0.65 270) (size 0.75 0.3) (layers B.Cu B.Paste B.Mask) (roundrect_rratio 0.25)
      (net 57 MOSI))
    (pad 4 smd roundrect (at -2.9375 0 270) (size 0.75 0.3) (layers B.Cu B.Paste B.Mask) (roundrect_rratio 0.25)
      (net 31 CS))
    (pad 5 smd roundrect (at -2.9375 -0.65 270) (size 0.75 0.3) (layers B.Cu B.Paste B.Mask) (roundrect_rratio 0.25)
      (net 1 GND))
    (pad 6 smd roundrect (at -2.9375 -1.3 270) (size 0.75 0.3) (layers B.Cu B.Paste B.Mask) (roundrect_rratio 0.25)
      (net 32 "Net-(U3-Pad6)"))
    (pad 7 smd roundrect (at -2.95 -1.95 270) (size 0.75 0.3) (layers B.Cu B.Paste B.Mask) (roundrect_rratio 0.25)
      (net 45 "Net-(U3-Pad7)"))
    (pad 8 smd roundrect (at -1.95 -2.95 270) (size 0.3 0.75) (layers B.Cu B.Paste B.Mask) (roundrect_rratio 0.25)
      (net 58 SPI_EN))
    (pad 9 smd roundrect (at -1.3 -2.9375 270) (size 0.3 0.75) (layers B.Cu B.Paste B.Mask) (roundrect_rratio 0.25)
      (net 46 "Net-(U3-Pad9)"))
    (pad 10 smd roundrect (at -0.65 -2.9375 270) (size 0.3 0.75) (layers B.Cu B.Paste B.Mask) (roundrect_rratio 0.25)
      (net 4 +3V3))
    (pad 11 smd roundrect (at 0 -2.9375 270) (size 0.3 0.75) (layers B.Cu B.Paste B.Mask) (roundrect_rratio 0.25)
      (net 47 "Net-(U3-Pad11)"))
    (pad 12 smd roundrect (at 0.65 -2.9375 270) (size 0.3 0.75) (layers B.Cu B.Paste B.Mask) (roundrect_rratio 0.25)
      (net 4 +3V3))
    (pad 13 smd roundrect (at 1.3 -2.9375 270) (size 0.3 0.75) (layers B.Cu B.Paste B.Mask) (roundrect_rratio 0.25)
      (net 48 "Net-(U3-Pad13)"))
    (pad 14 smd roundrect (at 1.95 -2.9375 270) (size 0.3 0.75) (layers B.Cu B.Paste B.Mask) (roundrect_rratio 0.25)
      (net 49 "Net-(U3-Pad14)"))
    (pad 15 smd roundrect (at 2.9375 -1.95 270) (size 0.75 0.3) (layers B.Cu B.Paste B.Mask) (roundrect_rratio 0.25)
      (net 50 "Net-(U3-Pad15)"))
    (pad 16 smd roundrect (at 2.9375 -1.3 270) (size 0.75 0.3) (layers B.Cu B.Paste B.Mask) (roundrect_rratio 0.25)
      (net 1 GND))
    (pad 17 smd roundrect (at 2.9375 -0.65 270) (size 0.75 0.3) (layers B.Cu B.Paste B.Mask) (roundrect_rratio 0.25)
      (net 6 "Net-(C9-Pad1)"))
    (pad 18 smd roundrect (at 2.9375 0 270) (size 0.75 0.3) (layers B.Cu B.Paste B.Mask) (roundrect_rratio 0.25)
      (net 21 D+))
    (pad 19 smd roundrect (at 2.9375 0.65 270) (size 0.75 0.3) (layers B.Cu B.Paste B.Mask) (roundrect_rratio 0.25)
      (net 22 D-))
    (pad 20 smd roundrect (at 2.95 1.3 270) (size 0.75 0.3) (layers B.Cu B.Paste B.Mask) (roundrect_rratio 0.25)
      (net 4 +3V3))
    (pad 21 smd roundrect (at 2.95 1.95 270) (size 0.75 0.3) (layers B.Cu B.Paste B.Mask) (roundrect_rratio 0.25)
      (net 59 "Net-(U3-Pad21)"))
    (pad 22 smd roundrect (at 1.95 2.9375 270) (size 0.3 0.75) (layers B.Cu B.Paste B.Mask) (roundrect_rratio 0.25)
      (net 33 SCK))
    (pad 23 smd roundrect (at 1.3 2.9375 270) (size 0.3 0.75) (layers B.Cu B.Paste B.Mask) (roundrect_rratio 0.25)
      (net 24 TX_Debug_PIC))
    (pad 24 smd roundrect (at 0.65 2.9375 270) (size 0.3 0.75) (layers B.Cu B.Paste B.Mask) (roundrect_rratio 0.25)
      (net 1 GND))
    (pad 25 smd roundrect (at 0 2.9375 270) (size 0.3 0.75) (layers B.Cu B.Paste B.Mask) (roundrect_rratio 0.25)
      (net 4 +3V3))
    (pad 26 smd roundrect (at -0.65 2.9375 270) (size 0.3 0.75) (layers B.Cu B.Paste B.Mask) (roundrect_rratio 0.25)
      (net 7 MCLR))
    (pad 27 smd roundrect (at -1.3 2.9375 270) (size 0.3 0.75) (layers B.Cu B.Paste B.Mask) (roundrect_rratio 0.25)
      (net 11 PGD))
    (pad 28 smd roundrect (at -1.95 2.95 270) (size 0.3 0.75) (layers B.Cu B.Paste B.Mask) (roundrect_rratio 0.25)
      (net 12 PGC))
    (model ${KISYS3DMOD}/Package_DFN_QFN.3dshapes/QFN-28-1EP_6x6mm_P0.65mm_EP4.25x4.25mm.wrl
      (at (xyz 0 0 0))
      (scale (xyz 1 1 1))
      (rotate (xyz 0 0 0))
    )
  )

  (module RF_Module:ESP32-WROOM-32 (layer F.Cu) (tedit 5D24116D) (tstamp 5D3E81D1)
    (at 100 100)
    (descr "Single 2.4 GHz Wi-Fi and Bluetooth combo chip https://www.espressif.com/sites/default/files/documentation/esp32-wroom-32_datasheet_en.pdf")
    (tags "Single 2.4 GHz Wi-Fi and Bluetooth combo  chip")
    (path /5D60AF5B)
    (attr smd)
    (fp_text reference U4 (at -10.61 8.43 90) (layer F.SilkS) hide
      (effects (font (size 1 1) (thickness 0.15)))
    )
    (fp_text value ESP32-WROOM-32 (at 0 11.5) (layer F.Fab)
      (effects (font (size 1 1) (thickness 0.15)))
    )
    (fp_text user %R (at 0 0) (layer F.Fab)
      (effects (font (size 1 1) (thickness 0.15)))
    )
    (fp_text user "KEEP-OUT ZONE" (at 0 -19) (layer Cmts.User)
      (effects (font (size 1 1) (thickness 0.15)))
    )
    (fp_text user Antenna (at 0 -13) (layer Cmts.User)
      (effects (font (size 1 1) (thickness 0.15)))
    )
    (fp_text user "5 mm" (at 11.8 -14.375) (layer Cmts.User)
      (effects (font (size 0.5 0.5) (thickness 0.1)))
    )
    (fp_text user "5 mm" (at -11.2 -14.375) (layer Cmts.User)
      (effects (font (size 0.5 0.5) (thickness 0.1)))
    )
    (fp_text user "5 mm" (at 7.8 -19.075 90) (layer Cmts.User)
      (effects (font (size 0.5 0.5) (thickness 0.1)))
    )
    (fp_line (start -14 -9.97) (end -14 -20.75) (layer Dwgs.User) (width 0.1))
    (fp_line (start 9 9.76) (end 9 -15.745) (layer F.Fab) (width 0.1))
    (fp_line (start -9 9.76) (end 9 9.76) (layer F.Fab) (width 0.1))
    (fp_line (start -9 -15.745) (end -9 -10.02) (layer F.Fab) (width 0.1))
    (fp_line (start -9 -15.745) (end 9 -15.745) (layer F.Fab) (width 0.1))
    (fp_line (start -9.75 10.5) (end -9.75 -9.72) (layer F.CrtYd) (width 0.05))
    (fp_line (start -9.75 10.5) (end 9.75 10.5) (layer F.CrtYd) (width 0.05))
    (fp_line (start 9.75 -9.72) (end 9.75 10.5) (layer F.CrtYd) (width 0.05))
    (fp_line (start -14.25 -21) (end 14.25 -21) (layer F.CrtYd) (width 0.05))
    (fp_line (start -9 -9.02) (end -9 9.76) (layer F.Fab) (width 0.1))
    (fp_line (start -8.5 -9.52) (end -9 -10.02) (layer F.Fab) (width 0.1))
    (fp_line (start -9 -9.02) (end -8.5 -9.52) (layer F.Fab) (width 0.1))
    (fp_line (start 14 -9.97) (end -14 -9.97) (layer Dwgs.User) (width 0.1))
    (fp_line (start 14 -9.97) (end 14 -20.75) (layer Dwgs.User) (width 0.1))
    (fp_line (start 14 -20.75) (end -14 -20.75) (layer Dwgs.User) (width 0.1))
    (fp_line (start -14.25 -21) (end -14.25 -9.72) (layer F.CrtYd) (width 0.05))
    (fp_line (start 14.25 -21) (end 14.25 -9.72) (layer F.CrtYd) (width 0.05))
    (fp_line (start -14.25 -9.72) (end -9.75 -9.72) (layer F.CrtYd) (width 0.05))
    (fp_line (start 9.75 -9.72) (end 14.25 -9.72) (layer F.CrtYd) (width 0.05))
    (fp_line (start -12.525 -20.75) (end -14 -19.66) (layer Dwgs.User) (width 0.1))
    (fp_line (start -10.525 -20.75) (end -14 -18.045) (layer Dwgs.User) (width 0.1))
    (fp_line (start -8.525 -20.75) (end -14 -16.43) (layer Dwgs.User) (width 0.1))
    (fp_line (start -6.525 -20.75) (end -14 -14.815) (layer Dwgs.User) (width 0.1))
    (fp_line (start -4.525 -20.75) (end -14 -13.2) (layer Dwgs.User) (width 0.1))
    (fp_line (start -2.525 -20.75) (end -14 -11.585) (layer Dwgs.User) (width 0.1))
    (fp_line (start -0.525 -20.75) (end -14 -9.97) (layer Dwgs.User) (width 0.1))
    (fp_line (start 1.475 -20.75) (end -12 -9.97) (layer Dwgs.User) (width 0.1))
    (fp_line (start 3.475 -20.75) (end -10 -9.97) (layer Dwgs.User) (width 0.1))
    (fp_line (start -8 -9.97) (end 5.475 -20.75) (layer Dwgs.User) (width 0.1))
    (fp_line (start 7.475 -20.75) (end -6 -9.97) (layer Dwgs.User) (width 0.1))
    (fp_line (start 9.475 -20.75) (end -4 -9.97) (layer Dwgs.User) (width 0.1))
    (fp_line (start 11.475 -20.75) (end -2 -9.97) (layer Dwgs.User) (width 0.1))
    (fp_line (start 13.475 -20.75) (end 0 -9.97) (layer Dwgs.User) (width 0.1))
    (fp_line (start 14 -19.66) (end 2 -9.97) (layer Dwgs.User) (width 0.1))
    (fp_line (start 14 -18.045) (end 4 -9.97) (layer Dwgs.User) (width 0.1))
    (fp_line (start 14 -16.43) (end 6 -9.97) (layer Dwgs.User) (width 0.1))
    (fp_line (start 14 -14.815) (end 8 -9.97) (layer Dwgs.User) (width 0.1))
    (fp_line (start 14 -13.2) (end 10 -9.97) (layer Dwgs.User) (width 0.1))
    (fp_line (start 14 -11.585) (end 12 -9.97) (layer Dwgs.User) (width 0.1))
    (fp_line (start 9.2 -13.875) (end 13.8 -13.875) (layer Cmts.User) (width 0.1))
    (fp_line (start 13.8 -13.875) (end 13.6 -14.075) (layer Cmts.User) (width 0.1))
    (fp_line (start 13.8 -13.875) (end 13.6 -13.675) (layer Cmts.User) (width 0.1))
    (fp_line (start 9.2 -13.875) (end 9.4 -14.075) (layer Cmts.User) (width 0.1))
    (fp_line (start 9.2 -13.875) (end 9.4 -13.675) (layer Cmts.User) (width 0.1))
    (fp_line (start -13.8 -13.875) (end -13.6 -14.075) (layer Cmts.User) (width 0.1))
    (fp_line (start -13.8 -13.875) (end -13.6 -13.675) (layer Cmts.User) (width 0.1))
    (fp_line (start -9.2 -13.875) (end -9.4 -13.675) (layer Cmts.User) (width 0.1))
    (fp_line (start -13.8 -13.875) (end -9.2 -13.875) (layer Cmts.User) (width 0.1))
    (fp_line (start -9.2 -13.875) (end -9.4 -14.075) (layer Cmts.User) (width 0.1))
    (fp_line (start 8.4 -16) (end 8.2 -16.2) (layer Cmts.User) (width 0.1))
    (fp_line (start 8.4 -16) (end 8.6 -16.2) (layer Cmts.User) (width 0.1))
    (fp_line (start 8.4 -20.6) (end 8.6 -20.4) (layer Cmts.User) (width 0.1))
    (fp_line (start 8.4 -16) (end 8.4 -20.6) (layer Cmts.User) (width 0.1))
    (fp_line (start 8.4 -20.6) (end 8.2 -20.4) (layer Cmts.User) (width 0.1))
    (fp_line (start -9.12 9.1) (end -9.12 9.88) (layer F.SilkS) (width 0.12))
    (fp_line (start -9.12 9.88) (end -8.12 9.88) (layer F.SilkS) (width 0.12))
    (fp_line (start 9.12 9.1) (end 9.12 9.88) (layer F.SilkS) (width 0.12))
    (fp_line (start 9.12 9.88) (end 8.12 9.88) (layer F.SilkS) (width 0.12))
    (fp_line (start -9.12 -15.865) (end 9.12 -15.865) (layer F.SilkS) (width 0.12))
    (fp_line (start 9.12 -15.865) (end 9.12 -9.445) (layer F.SilkS) (width 0.12))
    (fp_line (start -9.12 -15.865) (end -9.12 -9.445) (layer F.SilkS) (width 0.12))
    (fp_line (start -9.12 -9.445) (end -9.5 -9.445) (layer F.SilkS) (width 0.12))
    (pad 1 smd rect (at -8.5 -8.255) (size 2 0.9) (layers F.Cu F.Paste F.Mask)
      (net 1 GND))
    (pad 2 smd rect (at -8.5 -6.985) (size 2 0.9) (layers F.Cu F.Paste F.Mask)
      (net 4 +3V3))
    (pad 3 smd rect (at -8.5 -5.715) (size 2 0.9) (layers F.Cu F.Paste F.Mask)
      (net 8 EN))
    (pad 4 smd rect (at -8.5 -4.445) (size 2 0.9) (layers F.Cu F.Paste F.Mask)
      (net 29 TX_EN_R))
    (pad 5 smd rect (at -8.5 -3.175) (size 2 0.9) (layers F.Cu F.Paste F.Mask)
      (net 30 RX_R))
    (pad 6 smd rect (at -8.5 -1.905) (size 2 0.9) (layers F.Cu F.Paste F.Mask)
      (net 28 RX_L))
    (pad 7 smd rect (at -8.5 -0.635) (size 2 0.9) (layers F.Cu F.Paste F.Mask)
      (net 27 TX_EN_L))
    (pad 8 smd rect (at -8.5 0.635) (size 2 0.9) (layers F.Cu F.Paste F.Mask)
      (net 15 TX_R))
    (pad 9 smd rect (at -8.5 1.905) (size 2 0.9) (layers F.Cu F.Paste F.Mask)
      (net 17 RX_EN_R))
    (pad 10 smd rect (at -8.5 3.175) (size 2 0.9) (layers F.Cu F.Paste F.Mask)
      (net 51 "Net-(U4-Pad10)"))
    (pad 11 smd rect (at -8.5 4.445) (size 2 0.9) (layers F.Cu F.Paste F.Mask)
      (net 52 "Net-(U4-Pad11)"))
    (pad 12 smd rect (at -8.5 5.715) (size 2 0.9) (layers F.Cu F.Paste F.Mask)
      (net 53 "Net-(U4-Pad12)"))
    (pad 13 smd rect (at -8.5 6.985) (size 2 0.9) (layers F.Cu F.Paste F.Mask)
      (net 23 PAIR))
    (pad 14 smd rect (at -8.5 8.255) (size 2 0.9) (layers F.Cu F.Paste F.Mask)
      (net 34 "Net-(U4-Pad14)"))
    (pad 15 smd rect (at -5.715 9.255 90) (size 2 0.9) (layers F.Cu F.Paste F.Mask)
      (net 1 GND))
    (pad 16 smd rect (at -4.445 9.255 90) (size 2 0.9) (layers F.Cu F.Paste F.Mask)
      (net 35 "Net-(U4-Pad16)"))
    (pad 17 smd rect (at -3.175 9.255 90) (size 2 0.9) (layers F.Cu F.Paste F.Mask)
      (net 36 "Net-(U4-Pad17)"))
    (pad 18 smd rect (at -1.905 9.255 90) (size 2 0.9) (layers F.Cu F.Paste F.Mask)
      (net 37 "Net-(U4-Pad18)"))
    (pad 19 smd rect (at -0.635 9.255 90) (size 2 0.9) (layers F.Cu F.Paste F.Mask)
      (net 38 "Net-(U4-Pad19)"))
    (pad 20 smd rect (at 0.635 9.255 90) (size 2 0.9) (layers F.Cu F.Paste F.Mask)
      (net 39 "Net-(U4-Pad20)"))
    (pad 21 smd rect (at 1.905 9.255 90) (size 2 0.9) (layers F.Cu F.Paste F.Mask)
      (net 40 "Net-(U4-Pad21)"))
    (pad 22 smd rect (at 3.175 9.255 90) (size 2 0.9) (layers F.Cu F.Paste F.Mask)
      (net 41 "Net-(U4-Pad22)"))
    (pad 23 smd rect (at 4.445 9.255 90) (size 2 0.9) (layers F.Cu F.Paste F.Mask)
      (net 42 "Net-(U4-Pad23)"))
    (pad 24 smd rect (at 5.715 9.255 90) (size 2 0.9) (layers F.Cu F.Paste F.Mask)
      (net 10 "Net-(R6-Pad2)"))
    (pad 25 smd rect (at 8.5 8.255) (size 2 0.9) (layers F.Cu F.Paste F.Mask)
      (net 9 BOOT))
    (pad 26 smd rect (at 8.5 6.985) (size 2 0.9) (layers F.Cu F.Paste F.Mask)
      (net 20 RX_EN_L))
    (pad 27 smd rect (at 8.5 5.715) (size 2 0.9) (layers F.Cu F.Paste F.Mask)
      (net 18 TX_L))
    (pad 28 smd rect (at 8.5 4.445) (size 2 0.9) (layers F.Cu F.Paste F.Mask)
      (net 33 SCK))
    (pad 29 smd rect (at 8.5 3.175) (size 2 0.9) (layers F.Cu F.Paste F.Mask)
      (net 58 SPI_EN))
    (pad 30 smd rect (at 8.5 1.905) (size 2 0.9) (layers F.Cu F.Paste F.Mask)
      (net 31 CS))
    (pad 31 smd rect (at 8.5 0.635) (size 2 0.9) (layers F.Cu F.Paste F.Mask)
      (net 57 MOSI))
    (pad 32 smd rect (at 8.5 -0.635) (size 2 0.9) (layers F.Cu F.Paste F.Mask)
      (net 43 "Net-(U4-Pad32)"))
    (pad 33 smd rect (at 8.5 -1.905) (size 2 0.9) (layers F.Cu F.Paste F.Mask)
      (net 56 MISO))
    (pad 34 smd rect (at 8.5 -3.175) (size 2 0.9) (layers F.Cu F.Paste F.Mask)
      (net 14 RX_Debug_ESP))
    (pad 35 smd rect (at 8.5 -4.445) (size 2 0.9) (layers F.Cu F.Paste F.Mask)
      (net 13 TX_Debug_ESP))
    (pad 36 smd rect (at 8.5 -5.715) (size 2 0.9) (layers F.Cu F.Paste F.Mask)
      (net 44 "Net-(U4-Pad36)"))
    (pad 37 smd rect (at 8.5 -6.985) (size 2 0.9) (layers F.Cu F.Paste F.Mask)
      (net 60 "Net-(U4-Pad37)"))
    (pad 38 smd rect (at 8.5 -8.255) (size 2 0.9) (layers F.Cu F.Paste F.Mask)
      (net 1 GND))
    (model ${KISYS3DMOD}/RF_Module.3dshapes/ESP32-WROOM-32.wrl
      (at (xyz 0 0 0))
      (scale (xyz 1 1 1))
      (rotate (xyz 0 0 0))
    )
  )

  (module MountingHole:MountingHole_2.2mm_M2 (layer F.Cu) (tedit 5D23F570) (tstamp 5D260F2B)
    (at 113 92.5)
    (descr "Mounting Hole 2.2mm, no annular, M2")
    (tags "mounting hole 2.2mm no annular m2")
    (attr virtual)
    (fp_text reference REF** (at 0 -3.2) (layer F.SilkS) hide
      (effects (font (size 1 1) (thickness 0.15)))
    )
    (fp_text value MountingHole_2.2mm_M2 (at 0 3.2) (layer F.Fab)
      (effects (font (size 1 1) (thickness 0.15)))
    )
    (fp_text user %R (at 0.3 0) (layer F.Fab)
      (effects (font (size 1 1) (thickness 0.15)))
    )
    (fp_circle (center 0 0) (end 2.2 0) (layer Cmts.User) (width 0.15))
    (fp_circle (center 0 0) (end 2.45 0) (layer F.CrtYd) (width 0.05))
    (pad 1 np_thru_hole circle (at 0 0) (size 2.2 2.2) (drill 2.2) (layers *.Cu *.Mask))
  )

  (module MountingHole:MountingHole_2.2mm_M2 (layer F.Cu) (tedit 5D23F563) (tstamp 5D260F65)
    (at 113 110.5)
    (descr "Mounting Hole 2.2mm, no annular, M2")
    (tags "mounting hole 2.2mm no annular m2")
    (attr virtual)
    (fp_text reference REF** (at 0 -3.2) (layer F.SilkS) hide
      (effects (font (size 1 1) (thickness 0.15)))
    )
    (fp_text value MountingHole_2.2mm_M2 (at 0 3.2) (layer F.Fab)
      (effects (font (size 1 1) (thickness 0.15)))
    )
    (fp_circle (center 0 0) (end 2.45 0) (layer F.CrtYd) (width 0.05))
    (fp_circle (center 0 0) (end 2.2 0) (layer Cmts.User) (width 0.15))
    (fp_text user %R (at 0.3 0) (layer F.Fab)
      (effects (font (size 1 1) (thickness 0.15)))
    )
    (pad 1 np_thru_hole circle (at 0 0) (size 2.2 2.2) (drill 2.2) (layers *.Cu *.Mask))
  )

  (module MountingHole:MountingHole_2.2mm_M2 (layer F.Cu) (tedit 5D23F560) (tstamp 5D260F82)
    (at 87 110.5)
    (descr "Mounting Hole 2.2mm, no annular, M2")
    (tags "mounting hole 2.2mm no annular m2")
    (attr virtual)
    (fp_text reference REF** (at 0 -3.2) (layer F.SilkS) hide
      (effects (font (size 1 1) (thickness 0.15)))
    )
    (fp_text value MountingHole_2.2mm_M2 (at 0 3.2) (layer F.Fab)
      (effects (font (size 1 1) (thickness 0.15)))
    )
    (fp_text user %R (at 0.3 0) (layer F.Fab)
      (effects (font (size 1 1) (thickness 0.15)))
    )
    (fp_circle (center 0 0) (end 2.2 0) (layer Cmts.User) (width 0.15))
    (fp_circle (center 0 0) (end 2.45 0) (layer F.CrtYd) (width 0.05))
    (pad 1 np_thru_hole circle (at 0 0) (size 2.2 2.2) (drill 2.2) (layers *.Cu *.Mask))
  )

  (module Capacitor_SMD:C_0603_1608Metric (layer B.Cu) (tedit 5D23D7DD) (tstamp 5D255892)
    (at 103.9 92.6)
    (descr "Capacitor SMD 0603 (1608 Metric), square (rectangular) end terminal, IPC_7351 nominal, (Body size source: http://www.tortai-tech.com/upload/download/2011102023233369053.pdf), generated with kicad-footprint-generator")
    (tags capacitor)
    (path /5D23C000)
    (attr smd)
    (fp_text reference C3 (at 0 1.43) (layer B.SilkS) hide
      (effects (font (size 1 1) (thickness 0.15)) (justify mirror))
    )
    (fp_text value 22nF (at 0 -1.43) (layer B.Fab)
      (effects (font (size 1 1) (thickness 0.15)) (justify mirror))
    )
    (fp_text user %R (at 0 0) (layer B.Fab)
      (effects (font (size 0.4 0.4) (thickness 0.06)) (justify mirror))
    )
    (fp_line (start 1.48 -0.73) (end -1.48 -0.73) (layer B.CrtYd) (width 0.05))
    (fp_line (start 1.48 0.73) (end 1.48 -0.73) (layer B.CrtYd) (width 0.05))
    (fp_line (start -1.48 0.73) (end 1.48 0.73) (layer B.CrtYd) (width 0.05))
    (fp_line (start -1.48 -0.73) (end -1.48 0.73) (layer B.CrtYd) (width 0.05))
    (fp_line (start -0.162779 -0.51) (end 0.162779 -0.51) (layer B.SilkS) (width 0.12))
    (fp_line (start -0.162779 0.51) (end 0.162779 0.51) (layer B.SilkS) (width 0.12))
    (fp_line (start 0.8 -0.4) (end -0.8 -0.4) (layer B.Fab) (width 0.1))
    (fp_line (start 0.8 0.4) (end 0.8 -0.4) (layer B.Fab) (width 0.1))
    (fp_line (start -0.8 0.4) (end 0.8 0.4) (layer B.Fab) (width 0.1))
    (fp_line (start -0.8 -0.4) (end -0.8 0.4) (layer B.Fab) (width 0.1))
    (pad 2 smd roundrect (at 0.7875 0) (size 0.875 0.95) (layers B.Cu B.Paste B.Mask) (roundrect_rratio 0.25)
      (net 1 GND))
    (pad 1 smd roundrect (at -0.7875 0) (size 0.875 0.95) (layers B.Cu B.Paste B.Mask) (roundrect_rratio 0.25)
      (net 2 "Net-(C3-Pad1)"))
    (model ${KISYS3DMOD}/Capacitor_SMD.3dshapes/C_0603_1608Metric.wrl
      (at (xyz 0 0 0))
      (scale (xyz 1 1 1))
      (rotate (xyz 0 0 0))
    )
  )

  (module Capacitor_SMD:C_0603_1608Metric (layer B.Cu) (tedit 5D23D85B) (tstamp 5D3E62FA)
    (at 95.35 94.4)
    (descr "Capacitor SMD 0603 (1608 Metric), square (rectangular) end terminal, IPC_7351 nominal, (Body size source: http://www.tortai-tech.com/upload/download/2011102023233369053.pdf), generated with kicad-footprint-generator")
    (tags capacitor)
    (path /5D23D451)
    (attr smd)
    (fp_text reference C4 (at 0 1.43) (layer B.SilkS) hide
      (effects (font (size 1 1) (thickness 0.15)) (justify mirror))
    )
    (fp_text value 1uF (at 0 -1.43) (layer B.Fab)
      (effects (font (size 1 1) (thickness 0.15)) (justify mirror))
    )
    (fp_line (start -0.8 -0.4) (end -0.8 0.4) (layer B.Fab) (width 0.1))
    (fp_line (start -0.8 0.4) (end 0.8 0.4) (layer B.Fab) (width 0.1))
    (fp_line (start 0.8 0.4) (end 0.8 -0.4) (layer B.Fab) (width 0.1))
    (fp_line (start 0.8 -0.4) (end -0.8 -0.4) (layer B.Fab) (width 0.1))
    (fp_line (start -0.162779 0.51) (end 0.162779 0.51) (layer B.SilkS) (width 0.12))
    (fp_line (start -0.162779 -0.51) (end 0.162779 -0.51) (layer B.SilkS) (width 0.12))
    (fp_line (start -1.48 -0.73) (end -1.48 0.73) (layer B.CrtYd) (width 0.05))
    (fp_line (start -1.48 0.73) (end 1.48 0.73) (layer B.CrtYd) (width 0.05))
    (fp_line (start 1.48 0.73) (end 1.48 -0.73) (layer B.CrtYd) (width 0.05))
    (fp_line (start 1.48 -0.73) (end -1.48 -0.73) (layer B.CrtYd) (width 0.05))
    (fp_text user %R (at 0 0) (layer B.Fab)
      (effects (font (size 0.4 0.4) (thickness 0.06)) (justify mirror))
    )
    (pad 1 smd roundrect (at -0.7875 0) (size 0.875 0.95) (layers B.Cu B.Paste B.Mask) (roundrect_rratio 0.25)
      (net 1 GND))
    (pad 2 smd roundrect (at 0.7875 0) (size 0.875 0.95) (layers B.Cu B.Paste B.Mask) (roundrect_rratio 0.25)
      (net 3 "Net-(C4-Pad2)"))
    (model ${KISYS3DMOD}/Capacitor_SMD.3dshapes/C_0603_1608Metric.wrl
      (at (xyz 0 0 0))
      (scale (xyz 1 1 1))
      (rotate (xyz 0 0 0))
    )
  )

  (module Capacitor_SMD:C_1206_3216Metric (layer B.Cu) (tedit 5D23D8B3) (tstamp 5D3E51CC)
    (at 94.25 110.85 180)
    (descr "Capacitor SMD 1206 (3216 Metric), square (rectangular) end terminal, IPC_7351 nominal, (Body size source: http://www.tortai-tech.com/upload/download/2011102023233369053.pdf), generated with kicad-footprint-generator")
    (tags capacitor)
    (path /5D24BA93)
    (attr smd)
    (fp_text reference C5 (at 0 1.82 180) (layer B.SilkS) hide
      (effects (font (size 1 1) (thickness 0.15)) (justify mirror))
    )
    (fp_text value 10uF (at 0 -1.82 180) (layer B.Fab)
      (effects (font (size 1 1) (thickness 0.15)) (justify mirror))
    )
    (fp_text user %R (at 0 0 180) (layer B.Fab)
      (effects (font (size 0.8 0.8) (thickness 0.12)) (justify mirror))
    )
    (fp_line (start 2.28 -1.12) (end -2.28 -1.12) (layer B.CrtYd) (width 0.05))
    (fp_line (start 2.28 1.12) (end 2.28 -1.12) (layer B.CrtYd) (width 0.05))
    (fp_line (start -2.28 1.12) (end 2.28 1.12) (layer B.CrtYd) (width 0.05))
    (fp_line (start -2.28 -1.12) (end -2.28 1.12) (layer B.CrtYd) (width 0.05))
    (fp_line (start -0.602064 -0.91) (end 0.602064 -0.91) (layer B.SilkS) (width 0.12))
    (fp_line (start -0.602064 0.91) (end 0.602064 0.91) (layer B.SilkS) (width 0.12))
    (fp_line (start 1.6 -0.8) (end -1.6 -0.8) (layer B.Fab) (width 0.1))
    (fp_line (start 1.6 0.8) (end 1.6 -0.8) (layer B.Fab) (width 0.1))
    (fp_line (start -1.6 0.8) (end 1.6 0.8) (layer B.Fab) (width 0.1))
    (fp_line (start -1.6 -0.8) (end -1.6 0.8) (layer B.Fab) (width 0.1))
    (pad 2 smd roundrect (at 1.4 0 180) (size 1.25 1.75) (layers B.Cu B.Paste B.Mask) (roundrect_rratio 0.2)
      (net 4 +3V3))
    (pad 1 smd roundrect (at -1.4 0 180) (size 1.25 1.75) (layers B.Cu B.Paste B.Mask) (roundrect_rratio 0.2)
      (net 1 GND))
    (model ${KISYS3DMOD}/Capacitor_SMD.3dshapes/C_1206_3216Metric.wrl
      (at (xyz 0 0 0))
      (scale (xyz 1 1 1))
      (rotate (xyz 0 0 0))
    )
  )

  (module Capacitor_SMD:C_0603_1608Metric (layer B.Cu) (tedit 5D23D7D4) (tstamp 5D3DBD9D)
    (at 95.3625 96.15 180)
    (descr "Capacitor SMD 0603 (1608 Metric), square (rectangular) end terminal, IPC_7351 nominal, (Body size source: http://www.tortai-tech.com/upload/download/2011102023233369053.pdf), generated with kicad-footprint-generator")
    (tags capacitor)
    (path /5D23D49D)
    (attr smd)
    (fp_text reference C6 (at 0 1.43 180) (layer B.SilkS) hide
      (effects (font (size 1 1) (thickness 0.15)) (justify mirror))
    )
    (fp_text value 1uF (at 0 -1.43 180) (layer B.Fab)
      (effects (font (size 1 1) (thickness 0.15)) (justify mirror))
    )
    (fp_text user %R (at 0 0 180) (layer B.Fab)
      (effects (font (size 0.4 0.4) (thickness 0.06)) (justify mirror))
    )
    (fp_line (start 1.48 -0.73) (end -1.48 -0.73) (layer B.CrtYd) (width 0.05))
    (fp_line (start 1.48 0.73) (end 1.48 -0.73) (layer B.CrtYd) (width 0.05))
    (fp_line (start -1.48 0.73) (end 1.48 0.73) (layer B.CrtYd) (width 0.05))
    (fp_line (start -1.48 -0.73) (end -1.48 0.73) (layer B.CrtYd) (width 0.05))
    (fp_line (start -0.162779 -0.51) (end 0.162779 -0.51) (layer B.SilkS) (width 0.12))
    (fp_line (start -0.162779 0.51) (end 0.162779 0.51) (layer B.SilkS) (width 0.12))
    (fp_line (start 0.8 -0.4) (end -0.8 -0.4) (layer B.Fab) (width 0.1))
    (fp_line (start 0.8 0.4) (end 0.8 -0.4) (layer B.Fab) (width 0.1))
    (fp_line (start -0.8 0.4) (end 0.8 0.4) (layer B.Fab) (width 0.1))
    (fp_line (start -0.8 -0.4) (end -0.8 0.4) (layer B.Fab) (width 0.1))
    (pad 2 smd roundrect (at 0.7875 0 180) (size 0.875 0.95) (layers B.Cu B.Paste B.Mask) (roundrect_rratio 0.25)
      (net 1 GND))
    (pad 1 smd roundrect (at -0.7875 0 180) (size 0.875 0.95) (layers B.Cu B.Paste B.Mask) (roundrect_rratio 0.25)
      (net 4 +3V3))
    (model ${KISYS3DMOD}/Capacitor_SMD.3dshapes/C_0603_1608Metric.wrl
      (at (xyz 0 0 0))
      (scale (xyz 1 1 1))
      (rotate (xyz 0 0 0))
    )
  )

  (module Capacitor_SMD:C_1206_3216Metric (layer B.Cu) (tedit 5D23D8B8) (tstamp 5D3DBE6F)
    (at 105.75 110.85 180)
    (descr "Capacitor SMD 1206 (3216 Metric), square (rectangular) end terminal, IPC_7351 nominal, (Body size source: http://www.tortai-tech.com/upload/download/2011102023233369053.pdf), generated with kicad-footprint-generator")
    (tags capacitor)
    (path /5D24DA47)
    (attr smd)
    (fp_text reference C7 (at 0 1.82 180) (layer B.SilkS) hide
      (effects (font (size 1 1) (thickness 0.15)) (justify mirror))
    )
    (fp_text value 10uF (at 0 -1.82 180) (layer B.Fab)
      (effects (font (size 1 1) (thickness 0.15)) (justify mirror))
    )
    (fp_line (start -1.6 -0.8) (end -1.6 0.8) (layer B.Fab) (width 0.1))
    (fp_line (start -1.6 0.8) (end 1.6 0.8) (layer B.Fab) (width 0.1))
    (fp_line (start 1.6 0.8) (end 1.6 -0.8) (layer B.Fab) (width 0.1))
    (fp_line (start 1.6 -0.8) (end -1.6 -0.8) (layer B.Fab) (width 0.1))
    (fp_line (start -0.602064 0.91) (end 0.602064 0.91) (layer B.SilkS) (width 0.12))
    (fp_line (start -0.602064 -0.91) (end 0.602064 -0.91) (layer B.SilkS) (width 0.12))
    (fp_line (start -2.28 -1.12) (end -2.28 1.12) (layer B.CrtYd) (width 0.05))
    (fp_line (start -2.28 1.12) (end 2.28 1.12) (layer B.CrtYd) (width 0.05))
    (fp_line (start 2.28 1.12) (end 2.28 -1.12) (layer B.CrtYd) (width 0.05))
    (fp_line (start 2.28 -1.12) (end -2.28 -1.12) (layer B.CrtYd) (width 0.05))
    (fp_text user %R (at 0 0 180) (layer B.Fab)
      (effects (font (size 0.8 0.8) (thickness 0.12)) (justify mirror))
    )
    (pad 1 smd roundrect (at -1.4 0 180) (size 1.25 1.75) (layers B.Cu B.Paste B.Mask) (roundrect_rratio 0.2)
      (net 1 GND))
    (pad 2 smd roundrect (at 1.4 0 180) (size 1.25 1.75) (layers B.Cu B.Paste B.Mask) (roundrect_rratio 0.2)
      (net 5 +5V))
    (model ${KISYS3DMOD}/Capacitor_SMD.3dshapes/C_1206_3216Metric.wrl
      (at (xyz 0 0 0))
      (scale (xyz 1 1 1))
      (rotate (xyz 0 0 0))
    )
  )

  (module Capacitor_SMD:C_0603_1608Metric (layer B.Cu) (tedit 5D23D89D) (tstamp 5D5F0FB1)
    (at 95.35 92.65)
    (descr "Capacitor SMD 0603 (1608 Metric), square (rectangular) end terminal, IPC_7351 nominal, (Body size source: http://www.tortai-tech.com/upload/download/2011102023233369053.pdf), generated with kicad-footprint-generator")
    (tags capacitor)
    (path /5D246B3F)
    (attr smd)
    (fp_text reference C8 (at 0 1.43 180) (layer B.SilkS) hide
      (effects (font (size 1 1) (thickness 0.15)) (justify mirror))
    )
    (fp_text value 1uF (at 0 -1.43 180) (layer B.Fab)
      (effects (font (size 1 1) (thickness 0.15)) (justify mirror))
    )
    (fp_line (start -0.8 -0.4) (end -0.8 0.4) (layer B.Fab) (width 0.1))
    (fp_line (start -0.8 0.4) (end 0.8 0.4) (layer B.Fab) (width 0.1))
    (fp_line (start 0.8 0.4) (end 0.8 -0.4) (layer B.Fab) (width 0.1))
    (fp_line (start 0.8 -0.4) (end -0.8 -0.4) (layer B.Fab) (width 0.1))
    (fp_line (start -0.162779 0.51) (end 0.162779 0.51) (layer B.SilkS) (width 0.12))
    (fp_line (start -0.162779 -0.51) (end 0.162779 -0.51) (layer B.SilkS) (width 0.12))
    (fp_line (start -1.48 -0.73) (end -1.48 0.73) (layer B.CrtYd) (width 0.05))
    (fp_line (start -1.48 0.73) (end 1.48 0.73) (layer B.CrtYd) (width 0.05))
    (fp_line (start 1.48 0.73) (end 1.48 -0.73) (layer B.CrtYd) (width 0.05))
    (fp_line (start 1.48 -0.73) (end -1.48 -0.73) (layer B.CrtYd) (width 0.05))
    (fp_text user %R (at 0 0 180) (layer B.Fab)
      (effects (font (size 0.4 0.4) (thickness 0.06)) (justify mirror))
    )
    (pad 1 smd roundrect (at -0.7875 0) (size 0.875 0.95) (layers B.Cu B.Paste B.Mask) (roundrect_rratio 0.25)
      (net 4 +3V3))
    (pad 2 smd roundrect (at 0.7875 0) (size 0.875 0.95) (layers B.Cu B.Paste B.Mask) (roundrect_rratio 0.25)
      (net 1 GND))
    (model ${KISYS3DMOD}/Capacitor_SMD.3dshapes/C_0603_1608Metric.wrl
      (at (xyz 0 0 0))
      (scale (xyz 1 1 1))
      (rotate (xyz 0 0 0))
    )
  )

  (module Capacitor_SMD:C_1206_3216Metric (layer B.Cu) (tedit 5D23D8B0) (tstamp 5D3E87EC)
    (at 103.55 106.8 90)
    (descr "Capacitor SMD 1206 (3216 Metric), square (rectangular) end terminal, IPC_7351 nominal, (Body size source: http://www.tortai-tech.com/upload/download/2011102023233369053.pdf), generated with kicad-footprint-generator")
    (tags capacitor)
    (path /5D23AD9A)
    (attr smd)
    (fp_text reference C9 (at 0 1.82 90) (layer B.SilkS) hide
      (effects (font (size 1 1) (thickness 0.15)) (justify mirror))
    )
    (fp_text value 10uF (at 0 -1.82 90) (layer B.Fab)
      (effects (font (size 1 1) (thickness 0.15)) (justify mirror))
    )
    (fp_line (start -1.6 -0.8) (end -1.6 0.8) (layer B.Fab) (width 0.1))
    (fp_line (start -1.6 0.8) (end 1.6 0.8) (layer B.Fab) (width 0.1))
    (fp_line (start 1.6 0.8) (end 1.6 -0.8) (layer B.Fab) (width 0.1))
    (fp_line (start 1.6 -0.8) (end -1.6 -0.8) (layer B.Fab) (width 0.1))
    (fp_line (start -0.602064 0.91) (end 0.602064 0.91) (layer B.SilkS) (width 0.12))
    (fp_line (start -0.602064 -0.91) (end 0.602064 -0.91) (layer B.SilkS) (width 0.12))
    (fp_line (start -2.28 -1.12) (end -2.28 1.12) (layer B.CrtYd) (width 0.05))
    (fp_line (start -2.28 1.12) (end 2.28 1.12) (layer B.CrtYd) (width 0.05))
    (fp_line (start 2.28 1.12) (end 2.28 -1.12) (layer B.CrtYd) (width 0.05))
    (fp_line (start 2.28 -1.12) (end -2.28 -1.12) (layer B.CrtYd) (width 0.05))
    (fp_text user %R (at 0 0 90) (layer B.Fab)
      (effects (font (size 0.8 0.8) (thickness 0.12)) (justify mirror))
    )
    (pad 1 smd roundrect (at -1.4 0 90) (size 1.25 1.75) (layers B.Cu B.Paste B.Mask) (roundrect_rratio 0.2)
      (net 6 "Net-(C9-Pad1)"))
    (pad 2 smd roundrect (at 1.4 0 90) (size 1.25 1.75) (layers B.Cu B.Paste B.Mask) (roundrect_rratio 0.2)
      (net 1 GND))
    (model ${KISYS3DMOD}/Capacitor_SMD.3dshapes/C_1206_3216Metric.wrl
      (at (xyz 0 0 0))
      (scale (xyz 1 1 1))
      (rotate (xyz 0 0 0))
    )
  )

  (module Capacitor_SMD:C_0603_1608Metric (layer B.Cu) (tedit 5D23D7D0) (tstamp 5D3E58DB)
    (at 97.55 111.2 270)
    (descr "Capacitor SMD 0603 (1608 Metric), square (rectangular) end terminal, IPC_7351 nominal, (Body size source: http://www.tortai-tech.com/upload/download/2011102023233369053.pdf), generated with kicad-footprint-generator")
    (tags capacitor)
    (path /5D23B0FE)
    (attr smd)
    (fp_text reference C10 (at 0 1.43 270) (layer B.SilkS) hide
      (effects (font (size 1 1) (thickness 0.15)) (justify mirror))
    )
    (fp_text value 0.1uF (at 0 -1.43 270) (layer B.Fab)
      (effects (font (size 1 1) (thickness 0.15)) (justify mirror))
    )
    (fp_text user %R (at 0 0 270) (layer B.Fab)
      (effects (font (size 0.4 0.4) (thickness 0.06)) (justify mirror))
    )
    (fp_line (start 1.48 -0.73) (end -1.48 -0.73) (layer B.CrtYd) (width 0.05))
    (fp_line (start 1.48 0.73) (end 1.48 -0.73) (layer B.CrtYd) (width 0.05))
    (fp_line (start -1.48 0.73) (end 1.48 0.73) (layer B.CrtYd) (width 0.05))
    (fp_line (start -1.48 -0.73) (end -1.48 0.73) (layer B.CrtYd) (width 0.05))
    (fp_line (start -0.162779 -0.51) (end 0.162779 -0.51) (layer B.SilkS) (width 0.12))
    (fp_line (start -0.162779 0.51) (end 0.162779 0.51) (layer B.SilkS) (width 0.12))
    (fp_line (start 0.8 -0.4) (end -0.8 -0.4) (layer B.Fab) (width 0.1))
    (fp_line (start 0.8 0.4) (end 0.8 -0.4) (layer B.Fab) (width 0.1))
    (fp_line (start -0.8 0.4) (end 0.8 0.4) (layer B.Fab) (width 0.1))
    (fp_line (start -0.8 -0.4) (end -0.8 0.4) (layer B.Fab) (width 0.1))
    (pad 2 smd roundrect (at 0.7875 0 270) (size 0.875 0.95) (layers B.Cu B.Paste B.Mask) (roundrect_rratio 0.25)
      (net 1 GND))
